00000100000000010000000000000000
00000100000000110000000000000000
00001100011001000000001111101000
00000100001000010000000000000100
00001100001000100000001111101000
00000000100000100010100000010000
00010100101000000000000000000010
00000100001000110000000000000000
00000100010001000000000000000000
00001000001001010000000001001100
00010100101000000000000000000001
00011000000000000000000000000011
00010000000001000000011111010000
00000100011000110000001111101000
00010000000000110000011111010100
00011000000000000000000000001111