000001 00000 00001 0000000000000000
000001 00000 00011 0000000000000000
000011 00011 00100 0000001111101000
000001 00001 00001 0000000000000100

000011 00001 00010 0000001111101000
000000 00100 00010 00101 00000 010000
000101 00101 00000 0000000000000010
000001 00001 00011 0000000000000000

000001 00010 00100 0000000000000000
000010 00001 00101 0000000001001100
000101 00101 00000 0000000000000001
000110 00000000000000000000000011

000100 00000 00100 0000011111010000
000001 00011 00011 0000001111101000
000100 00000 00011 0000011111010100
000110 00000000000000000000001111